welltrack  'W 1' 
     15528.9       20887.4          -0.0           0.0  
     15528.9       20887.4       -1017.3        1017.3  
     15776.4       21134.9       -1018.9        1367.3  ;


welltrack  'W 2' 
     15528.9       24217.4          -0.0           0.0  
     15528.9       24217.4       -1015.5        1015.5  
     15776.4       24464.9       -1016.5        1365.5  ;


welltrack  'W 3' 
     12198.9       20887.4          -0.0           0.0  
     12198.9       20887.4       -1005.4        1005.4  
     12446.4       21134.9       -1004.7        1355.4  ;


welltrack  'W 4' 
     15528.9       17557.4          -0.0           0.0  
     15528.9       17557.4       -1017.7        1017.7  
     15776.4       17804.9       -1019.4        1367.7  ;


welltrack  'W 5' 
     12198.9       17557.4          -0.0           0.0  
     12198.9       17557.4       -1010.0        1010.0  
     12446.4       17804.9       -1009.2        1360.0  ;


welltrack  'W 6' 
     15528.9       14227.4          -0.0           0.0  
     15528.9       14227.4       -1015.2        1015.2  
     15776.4       14474.9       -1016.9        1365.2  ;


welltrack  'W 7' 
     12198.9       14227.4          -0.0           0.0  
     12198.9       14227.4       -1011.5        1011.5  
     12446.4       14474.9       -1010.8        1361.5  ;


welltrack  'W 8' 
     15528.9       10897.4          -0.0           0.0  
     15528.9       10897.4       -1008.7        1008.7  
     15776.4       11144.9       -1010.1        1358.7  ;


welltrack  'W 9' 
     12198.9       10897.4          -0.0           0.0  
     12198.9       10897.4       -1011.5        1011.5  
     12446.4       11144.9       -1010.1        1361.5  ;


welltrack  'W 10' 
     15528.9        7567.4          -0.0           0.0  
     15528.9        7567.4       -1000.5        1000.5  
     15776.4        7814.9       -1001.3        1350.5  ;


welltrack  'W 11' 
     12198.9        7567.4          -0.0           0.0  
     12198.9        7567.4       -1016.4        1016.4  
     12446.4        7814.9       -1014.1        1366.5  ;


welltrack  'W 12' 
     15528.9        4237.4          -0.0           0.0  
     15528.9        4237.4       -1009.0        1009.0  
     15776.4        4484.9       -1006.0        1359.1  ;


welltrack  'W 13' 
     12198.9       24217.4          -0.0           0.0  
     12198.9       24217.4       -1008.0        1008.0  
     12446.4       24464.9       -1008.1        1358.0  ;


welltrack  'W 14' 
     15528.9       30877.4          -0.0           0.0  
     15528.9       30877.4       -1016.1        1016.1  
     15776.4       31124.9       -1015.7        1366.1  ;


welltrack  'W 15' 
     15528.9       27547.4          -0.0           0.0  
     15528.9       27547.4       -1012.7        1012.7  
     15776.4       27794.9       -1012.1        1362.7  ;


