Дискретное свойство (Voronogo)	h_kh1 (Среднее)	h_kh2 (Среднее)	h_kh3 (Среднее)	eff_kh (Среднее)
Накопленное	15.796355	4.553037	19.850456	19.039028
W 1	17.532443	4.640399	19.916571	21.738340
W 2	17.568769	4.701891	20.010530	22.431220
W 3	11.985542	4.627610	19.823864	14.973106
W 4	19.021742	4.883753	19.948477	24.183167
W 5	19.226331	4.590542	19.821604	22.980508
W 6	19.093469	4.710278	19.862320	22.380842
W 7	19.849201	4.552567	19.889394	23.109401
W 8	16.181768	4.621138	19.735512	18.535075
W 9	10.526639	4.434627	19.854863	13.195400
W 10	13.733511	4.460763	19.851547	17.001842
W 11	12.191599	4.375062	19.805408	14.651616
W 12	19.287405	4.624013	19.851364	23.937285
W 13	13.311751	4.379791	19.787214	16.538776
W 14	12.783914	4.414301	19.803338	15.240190
W 15	12.360342	4.276973	19.803020	15.466668
