welltrack  'W 1' 
     14773.8       19201.1          -0.0           0.0  
     14773.8       19201.1       -1013.0        1013.0  
     15021.3       19448.6       -1014.5        1363.0  ;


welltrack  'W 2' 
     14773.8       22001.1          -0.0           0.0  
     14773.8       22001.1       -1011.7        1011.7  
     15021.3       22248.6       -1013.2        1361.7  ;


welltrack  'W 3' 
     11973.8       19201.1          -0.0           0.0  
     11973.8       19201.1       -1008.3        1008.3  
     12221.3       19448.6       -1007.4        1358.3  ;


welltrack  'W 4' 
     14773.8       16401.1          -0.0           0.0  
     14773.8       16401.1       -1013.3        1013.3  
     15021.3       16648.6       -1014.6        1363.3  ;


welltrack  'W 5' 
     11973.8       16401.1          -0.0           0.0  
     11973.8       16401.1       -1011.7        1011.7  
     12221.3       16648.6       -1010.8        1361.7  ;


welltrack  'W 6' 
     14773.8       13601.1          -0.0           0.0  
     14773.8       13601.1       -1011.0        1011.0  
     15021.3       13848.6       -1012.3        1361.0  ;


welltrack  'W 7' 
     11973.8       13601.1          -0.0           0.0  
     11973.8       13601.1       -1012.3        1012.3  
     12221.3       13848.6       -1011.4        1362.3  ;


welltrack  'W 8' 
     14773.8       10801.1          -0.0           0.0  
     14773.8       10801.1       -1006.7        1006.7  
     15021.3       11048.6       -1007.5        1356.7  ;


welltrack  'W 9' 
     11973.8       10801.1          -0.0           0.0  
     11973.8       10801.1       -1012.9        1012.9  
     12221.3       11048.6       -1011.3        1362.9  ;


welltrack  'W 10' 
     14773.8        8001.1          -0.0           0.0  
     14773.8        8001.1       -1002.3        1002.3  
     15021.3        8248.6       -1002.2        1352.3  ;


welltrack  'W 11' 
     14773.8        5201.1          -0.0           0.0  
     14773.8        5201.1       -1005.8        1005.8  
     15021.3        5448.6       -1002.8        1355.8  ;


welltrack  'W 12' 
     11973.8       22001.1          -0.0           0.0  
     11973.8       22001.1       -1005.2        1005.2  
     12221.3       22248.6       -1004.5        1355.2  ;


welltrack  'W 13' 
     11973.8       24801.1          -0.0           0.0  
     11973.8       24801.1       -1010.6        1010.6  
     12221.3       25048.6       -1010.6        1360.6  ;


welltrack  'W 14' 
     14773.8       27601.1          -0.0           0.0  
     14773.8       27601.1       -1013.8        1013.8  
     15021.3       27848.6       -1013.4        1363.8  ;


welltrack  'W 15' 
     14773.8       24801.1          -0.0           0.0  
     14773.8       24801.1       -1012.3        1012.3  
     15021.3       25048.6       -1013.2        1362.4  ;


