Дискретное свойство (Voronogo)	all_gas_ass_h (Среднее)	V_gas (Сумма)	S (Сумма)
Накопленное	20.118391	99208693922.796890	185625000.000000
W 1	22.896799	6807570227.936249	12750000.000000
W 2	21.295741	8698421821.073792	17875000.000000
W 3	20.883628	9803669828.501671	18687500.000000
W 4	19.188012	5783400771.442844	10437500.000000
W 5	21.736048	8025336600.909085	13062500.000000
W 6	27.776481	5744158942.454467	9312500.000000
W 7	20.184358	7890012504.620754	12812500.000000
W 8	21.562042	7091994620.048251	12000000.000000
W 9	16.202455	6760150370.885262	12562500.000000
W 10	16.878215	4800496009.326427	10687500.000000
W 11	23.995230	6997215073.843381	13125000.000000
W 12	19.064741	8436069921.713914	18750000.000000
W 13	13.197366	4499327203.979032	7625000.000000
W 14	19.295001	7870870026.062135	15937500.000000
