Дискретное свойство (Voronogo)	all_gas_ass_h (Среднее)	V_gas (Сумма)	S (Сумма)
Накопленное	19.757749	119234393796.765594	328875000.000000
W 1	21.412337	7374522150.668719	18250000.000000
W 2	20.437889	7556147457.020621	18937500.000000
W 3	24.304213	8081323396.951806	15000000.000000
W 4	18.315617	5438912698.681191	15937500.000000
W 5	26.632605	9615577543.306034	16250000.000000
W 6	23.322892	9022688723.725300	20312500.000000
W 7	20.947755	12226284490.160900	32687500.000000
W 8	14.262611	7126513987.066570	28625000.000000
W 9	17.038966	6258872079.557255	19437500.000000
W 10	19.680665	6897776445.006987	19562500.000000
W 11	17.707164	7862470590.436914	27750000.000000
W 12	22.497525	7699357683.732888	18000000.000000
W 13	20.794716	9154493508.524160	21437500.000000
W 14	13.090233	5402337432.114005	25187500.000000
W 15	16.950278	9517115609.811380	31500000.000000
