Дискретное свойство (Voronogo)	h_kh1 (Среднее)	h_kh2 (Среднее)	h_kh3 (Среднее)	eff_kh (Среднее)
Накопленное	15.796355	4.553037	19.850456	19.039028
W 1	16.446405	4.602870	19.926361	20.503243
W 2	15.890632	4.589808	19.984946	19.789104
W 3	19.013233	4.840087	19.933559	23.942818
W 4	14.786130	4.552234	19.809148	17.769814
W 5	21.291283	4.852200	19.877795	26.352264
W 6	19.287241	4.595851	19.869576	22.657022
W 7	17.959098	4.626491	19.775706	20.479267
W 8	11.368539	4.551892	19.893702	14.106415
W 9	13.305674	4.496287	19.880954	16.566291
W 10	15.319382	4.550637	19.842328	18.737439
W 11	14.143599	4.438474	19.766521	16.732561
W 12	17.126151	4.557848	19.906073	20.987890
W 13	15.268767	4.370028	19.846250	19.696901
W 14	10.306767	4.390759	19.742569	12.678456
W 15	13.319935	4.376250	19.799544	15.906903
