welltrack  'W 1' 
     13964.7       19668.3          -0.0           0.0  
     13964.7       19668.3       -1008.7        1008.7  
     14212.2       19915.7       -1009.6        1358.7  ;


welltrack  'W 2' 
     13964.7       16468.3          -0.0           0.0  
     13964.7       16468.3       -1010.4        1010.4  
     14212.2       16715.7       -1011.1        1360.4  ;


welltrack  'W 3' 
     13964.7       13268.3          -0.0           0.0  
     13964.7       13268.3       -1008.6        1008.6  
     14212.2       13515.7       -1009.4        1358.6  ;


welltrack  'W 4' 
     17164.7       10068.3          -0.0           0.0  
     17164.7       10068.3       -1016.1        1016.1  
     17412.2       10315.7       -1019.1        1366.1  ;


welltrack  'W 5' 
     13964.7       10068.3          -0.0           0.0  
     13964.7       10068.3       -1005.7        1005.7  
     14212.2       10315.7       -1005.7        1355.7  ;


welltrack  'W 6' 
     17164.7        6868.3          -0.0           0.0  
     17164.7        6868.3       -1008.5        1008.5  
     17412.2        7115.7       -1011.9        1358.5  ;


welltrack  'W 7' 
     13964.7        6868.3          -0.0           0.0  
     13964.7        6868.3       -1006.3        1006.3  
     14212.2        7115.7       -1004.5        1356.3  ;


welltrack  'W 8' 
     10764.7       13268.3          -0.0           0.0  
     10764.7       13268.3       -1018.3        1018.3  
     11012.2       13515.7       -1016.9        1368.3  ;


welltrack  'W 9' 
     10764.7       16468.3          -0.0           0.0  
     10764.7       16468.3       -1015.9        1015.9  
     11012.2       16715.7       -1014.6        1365.9  ;


welltrack  'W 10' 
     10764.7       19668.3          -0.0           0.0  
     10764.7       19668.3       -1012.4        1012.4  
     11012.2       19915.7       -1010.9        1362.4  ;


welltrack  'W 11' 
     10764.7       22868.3          -0.0           0.0  
     10764.7       22868.3       -1012.0        1012.0  
     11012.2       23115.7       -1010.9        1362.0  ;


welltrack  'W 12' 
     13964.7       22868.3          -0.0           0.0  
     13964.7       22868.3       -1007.5        1007.5  
     14212.2       23115.7       -1008.8        1357.5  ;


welltrack  'W 13' 
     13964.7       26068.3          -0.0           0.0  
     13964.7       26068.3       -1012.2        1012.2  
     14212.2       26315.7       -1012.8        1362.2  ;


welltrack  'W 14' 
     13964.7       29268.3          -0.0           0.0  
     13964.7       29268.3       -1020.4        1020.4  
     14212.2       29515.7       -1019.8        1370.4  ;


welltrack  'W 15' 
     17164.7       29268.3          -0.0           0.0  
     17164.7       29268.3       -1009.0        1009.0  
     17412.2       29515.7       -1009.7        1359.0  ;


