Дискретное свойство (Voronogo)	all_gas_ass_h (Среднее)	V_gas (Сумма)	S (Сумма)
Накопленное	19.757749	119234393796.765594	328875000.000000
W 1	17.679559	4425341546.470082	13812500.000000
W 2	18.160862	5441072423.129068	15375000.000000
W 3	23.186587	10296917959.558065	24250000.000000
W 4	16.955156	4698125049.287409	14875000.000000
W 5	20.609507	9859043606.086781	24812500.000000
W 6	18.661961	5556980737.115089	15312500.000000
W 7	19.038214	9123388412.721977	25187500.000000
W 8	23.386610	7675851729.221644	16000000.000000
W 9	19.504513	8003814394.927529	21625000.000000
W 10	28.630977	10121653838.704914	17000000.000000
W 11	17.151338	6954857768.749505	23812500.000000
W 12	20.388931	8299089577.627606	21812500.000000
W 13	18.594604	11068700048.956854	36125000.000000
W 14	14.169095	8185919345.599151	35062500.000000
W 15	19.740176	9523637358.609106	23812500.000000
