Дискретное свойство (Voronogo)	h_kh1 (Среднее)	h_kh2 (Среднее)	h_kh3 (Среднее)	eff_kh (Среднее)
Накопленное	15.796355	4.553037	19.850456	19.039028
W 1	13.109059	4.448088	19.974835	16.823678
W 2	13.833691	4.341907	19.899188	17.499144
W 3	17.485158	4.643534	19.864103	21.133931
W 4	13.941440	4.588540	19.924776	17.574764
W 5	15.262090	4.604437	19.936085	18.874485
W 6	17.887403	4.685900	19.856307	21.799897
W 7	15.742440	4.721122	19.899431	19.048370
W 8	21.270846	4.599729	19.828360	24.912297
W 9	14.013100	4.672052	19.791741	16.467891
W 10	15.156294	4.468663	19.760356	17.994835
W 11	13.035912	4.386292	19.791117	15.835498
