welltrack  'W 1' 
     15930.6       19916.5          -0.0           0.0  
     15930.6       19916.5       -1020.6        1020.6  
     16178.1       20164.0       -1022.2        1370.6  ;


welltrack  'W 2' 
     15930.6       24116.5          -0.0           0.0  
     15930.6       24116.5       -1017.7        1017.7  
     16178.1       24364.0       -1018.7        1367.7  ;


welltrack  'W 3' 
     11730.6       19916.5          -0.0           0.0  
     11730.6       19916.5       -1008.0        1008.0  
     11978.1       20164.0       -1006.9        1358.0  ;


welltrack  'W 4' 
     15930.6       15716.5          -0.0           0.0  
     15930.6       15716.5       -1019.1        1019.1  
     16178.1       15964.0       -1020.9        1369.1  ;


welltrack  'W 5' 
     11730.6       15716.5          -0.0           0.0  
     11730.6       15716.5       -1012.8        1012.8  
     11978.1       15964.0       -1011.9        1362.8  ;


welltrack  'W 6' 
     15930.6       11516.5          -0.0           0.0  
     15930.6       11516.5       -1011.7        1011.7  
     16178.1       11764.0       -1013.5        1361.7  ;


welltrack  'W 7' 
     11730.6       11516.5          -0.0           0.0  
     11730.6       11516.5       -1013.9        1013.9  
     11978.1       11764.0       -1012.3        1363.9  ;


welltrack  'W 8' 
     15930.6        7316.5          -0.0           0.0  
     15930.6        7316.5       -1000.5        1000.5  
     16178.1        7564.0       -1001.9        1350.5  ;


welltrack  'W 9' 
     11730.6        7316.5          -0.0           0.0  
     11730.6        7316.5       -1020.7        1020.7  
     11978.1        7564.0       -1018.1        1370.7  ;


welltrack  'W 10' 
     11730.6       24116.5          -0.0           0.0  
     11730.6       24116.5       -1009.5        1009.5  
     11978.1       24364.0       -1009.2        1359.5  ;


welltrack  'W 11' 
     15930.6       28316.5          -0.0           0.0  
     15930.6       28316.5       -1011.1        1011.1  
     16178.1       28564.0       -1010.3        1361.1  ;


