Дискретное свойство (Voronogo)	all_gas_ass_h (Среднее)	V_gas (Сумма)	S (Сумма)
Накопленное	19.757749	119234393796.765594	328875000.000000
W 1	18.857326	4576031222.734328	13062500.000000
W 2	19.429905	4869485638.518425	13812500.000000
W 3	21.031911	8121198723.432774	20625000.000000
W 4	18.682257	4816084333.981796	13625000.000000
W 5	18.907642	6999428328.588763	19250000.000000
W 6	20.121824	5672114191.669397	14062500.000000
W 7	18.344480	6383274690.076060	18500000.000000
W 8	24.048246	7951007633.894363	15937500.000000
W 9	16.521379	8300870037.398411	28812500.000000
W 10	27.507750	10955574736.329205	18875000.000000
W 11	20.610588	12694070121.621443	33812500.000000
W 12	22.885675	7606784674.851682	18875000.000000
W 13	16.834336	7646528677.131956	28000000.000000
W 14	16.651425	16944098315.916874	57000000.000000
W 15	19.645643	5697842470.619275	14625000.000000
