Дискретное свойство (Voronogo)	all_gas_ass_h (Среднее)	V_gas (Сумма)	S (Сумма)
Накопленное	19.757749	119234393796.765594	328875000.000000
W 1	16.299507	3736484179.274881	12125000.000000
W 2	16.424741	3661247249.388091	12375000.000000
W 3	26.876219	5317723780.897930	8937500.000000
W 4	17.872316	4569944772.627546	13062500.000000
W 5	23.596571	7002958877.242390	13437500.000000
W 6	22.443388	6406083942.896708	14000000.000000
W 7	20.109213	8002649303.104000	20562500.000000
W 8	27.601754	8242771296.546304	14562500.000000
W 9	17.810295	7837977933.725411	25750000.000000
W 10	22.086773	11149394213.807861	26750000.000000
W 11	12.639860	5320675460.163273	23937500.000000
W 12	16.188744	4069357903.689360	14187500.000000
W 13	30.086913	5765294894.637605	8937500.000000
W 14	13.846857	4315040215.853480	19750000.000000
W 15	30.189916	5639600973.638551	8937500.000000
W 16	16.833290	6357151516.126475	21687500.000000
W 17	17.363733	8568647664.741454	28062500.000000
W 18	13.966337	4226987834.415082	17312500.000000
W 19	20.139517	4934533297.184225	11812500.000000
W 20	17.228869	4109868486.804233	12687500.000000
