Дискретное свойство (Voronogo)	h_kh1 (Среднее)	h_kh2 (Среднее)	h_kh3 (Среднее)	eff_kh (Среднее)
Накопленное	15.796355	4.553037	19.850456	19.039028
W 1	12.234351	4.458527	19.997497	15.843837
W 2	12.236537	4.427110	19.910418	15.762647
W 3	20.663378	4.762276	20.004098	25.857274
W 4	13.819628	4.668789	19.908587	17.519646
W 5	18.020632	4.762076	19.964653	23.133453
W 6	17.812807	4.677058	19.848616	21.714347
W 7	16.502726	4.764493	19.902655	20.022951
W 8	22.992365	4.583503	19.820453	27.028241
W 9	15.149535	4.691074	19.799794	17.629177
W 10	18.374542	4.589186	19.827142	21.402317
W 11	9.853786	4.356181	19.835072	12.397125
W 12	12.595294	4.500919	19.851587	15.708544
W 13	22.892217	4.957149	19.884140	28.215348
W 14	10.895110	4.265695	19.784685	13.240974
W 15	22.829405	4.797026	19.749882	27.875551
W 16	12.961912	4.412842	19.781521	16.055135
W 17	13.704271	4.471341	19.816204	16.602377
W 18	10.794661	4.324622	19.741729	13.062506
W 19	14.840412	4.243458	19.832282	18.897111
W 20	12.772164	4.341355	19.933623	16.360232
