welltrack  'W 1' 
     15510.8       17214.5          -0.0           0.0  
     15510.8       17214.5       -1017.5        1017.5  
     15758.3       17461.9       -1019.2        1367.5  ;


welltrack  'W 2' 
     15510.8       20214.5          -0.0           0.0  
     15510.8       20214.5       -1017.5        1017.5  
     15758.3       20461.9       -1019.1        1367.5  ;


welltrack  'W 3' 
     12510.8       17214.5          -0.0           0.0  
     12510.8       17214.5       -1009.7        1009.7  
     12758.3       17461.9       -1009.2        1359.7  ;


welltrack  'W 4' 
     15510.8       14214.5          -0.0           0.0  
     15510.8       14214.5       -1015.1        1015.1  
     15758.3       14461.9       -1016.7        1365.1  ;


welltrack  'W 5' 
     12510.8       14214.5          -0.0           0.0  
     12510.8       14214.5       -1010.6        1010.6  
     12758.3       14461.9       -1010.0        1360.6  ;


welltrack  'W 6' 
     15510.8       11214.5          -0.0           0.0  
     15510.8       11214.5       -1009.3        1009.3  
     15758.3       11461.9       -1010.8        1359.3  ;


welltrack  'W 7' 
     12510.8       11214.5          -0.0           0.0  
     12510.8       11214.5       -1009.7        1009.7  
     12758.3       11461.9       -1008.6        1359.7  ;


welltrack  'W 8' 
     15510.8        8214.5          -0.0           0.0  
     15510.8        8214.5       -1002.0        1002.0  
     15758.3        8461.9       -1003.2        1352.0  ;


welltrack  'W 9' 
     12510.8        8214.5          -0.0           0.0  
     12510.8        8214.5       -1012.8        1012.8  
     12758.3        8461.9       -1010.8        1362.8  ;


welltrack  'W 10' 
     15510.8        5214.5          -0.0           0.0  
     15510.8        5214.5       -1001.5        1001.5  
     15758.3        5461.9       -1000.0        1351.5  ;


welltrack  'W 11' 
      9510.8       17214.5          -0.0           0.0  
      9510.8       17214.5       -1020.7        1020.7  
      9758.3       17461.9       -1019.2        1370.7  ;


welltrack  'W 12' 
      9510.8       20214.5          -0.0           0.0  
      9510.8       20214.5       -1018.7        1018.7  
      9758.3       20461.9       -1017.1        1368.7  ;


welltrack  'W 13' 
     12510.8       20214.5          -0.0           0.0  
     12510.8       20214.5       -1005.7        1005.7  
     12758.3       20461.9       -1005.2        1355.7  ;


welltrack  'W 14' 
      9510.8       23214.5          -0.0           0.0  
      9510.8       23214.5       -1020.4        1020.4  
      9758.3       23461.9       -1019.2        1370.4  ;


welltrack  'W 15' 
     12510.8       23214.5          -0.0           0.0  
     12510.8       23214.5       -1005.0        1005.0  
     12758.3       23461.9       -1005.2        1355.0  ;


welltrack  'W 16' 
     12510.8       26214.5          -0.0           0.0  
     12510.8       26214.5       -1014.1        1014.1  
     12758.3       26461.9       -1014.3        1364.1  ;


welltrack  'W 17' 
     15510.8       29214.5          -0.0           0.0  
     15510.8       29214.5       -1012.2        1012.2  
     15758.3       29461.9       -1011.3        1362.2  ;


welltrack  'W 18' 
     18510.8       29214.5          -0.0           0.0  
     18510.8       29214.5       -1021.1        1021.1  
     18758.3       29461.9       -1023.6        1371.1  ;


welltrack  'W 19' 
     15510.8       26214.5          -0.0           0.0  
     15510.8       26214.5       -1014.0        1014.0  
     15758.3       26461.9       -1014.2        1364.0  ;


welltrack  'W 20' 
     15510.8       23214.5          -0.0           0.0  
     15510.8       23214.5       -1015.9        1015.9  
     15758.3       23461.9       -1017.2        1365.9  ;


