Дискретное свойство (Voronogo)	h_kh1 (Среднее)	h_kh2 (Среднее)	h_kh3 (Среднее)	eff_kh (Среднее)
Накопленное	15.796355	4.553037	19.850456	19.039028
W 1	14.131369	4.551480	19.915872	18.076141
W 2	14.526925	4.400422	20.027480	18.208969
W 3	16.533795	4.564993	19.880007	20.117528
W 4	14.372284	4.538760	19.976558	18.077101
W 5	14.875422	4.565017	19.908518	18.367508
W 6	15.840839	4.750000	19.893470	19.734824
W 7	14.547572	4.663770	19.932209	18.050709
W 8	19.337530	4.675252	19.860952	23.351113
W 9	13.825050	4.670876	19.867343	16.455006
W 10	22.637462	4.696387	19.808336	27.064225
W 11	17.256800	4.591532	19.813277	20.011712
W 12	18.010141	4.622005	19.780394	21.430295
W 13	13.435029	4.425129	19.751080	16.067032
W 14	12.994502	4.383819	19.792408	15.781914
W 15	14.742209	4.389044	19.835943	18.444570
