Дискретное свойство (Voronogo)	all_gas_ass_h (Среднее)	V_gas (Сумма)	S (Сумма)
Накопленное	19.757749	119234393796.765594	328875000.000000
W 1	22.786758	9830000150.516443	22687500.000000
W 2	23.093143	8992799608.973347	18312500.000000
W 3	15.343321	4948884706.645479	17125000.000000
W 4	24.502835	10246419414.218189	18812500.000000
W 5	23.546646	6258490564.527623	13187500.000000
W 6	22.582371	10402851402.511318	24625000.000000
W 7	23.945032	8404619015.831180	18312500.000000
W 8	18.986758	7919761282.453825	24000000.000000
W 9	13.436186	7110976908.997804	29875000.000000
W 10	17.752540	5710704128.510060	17937500.000000
W 11	15.390956	6148124306.841994	25437500.000000
W 12	25.773553	9276658618.913723	17812500.000000
W 13	17.332615	8367992642.040286	26750000.000000
W 14	16.134728	9639018207.037710	34875000.000000
W 15	16.301078	5977092838.745864	19125000.000000
