welltrack  'W 1' 
     13401.9       19506.4          -0.0           0.0  
     13401.9       19506.4       -1007.1        1007.1  
     13649.4       19753.9       -1007.5        1357.1  ;


welltrack  'W 2' 
     13401.9       16006.4          -0.0           0.0  
     13401.9       16006.4       -1009.7        1009.7  
     13649.4       16253.9       -1009.9        1359.7  ;


welltrack  'W 3' 
     16901.9       12506.4          -0.0           0.0  
     16901.9       12506.4       -1019.7        1019.7  
     17149.4       12753.9       -1022.1        1369.7  ;


welltrack  'W 4' 
     13401.9       12506.4          -0.0           0.0  
     13401.9       12506.4       -1007.7        1007.7  
     13649.4       12753.9       -1007.8        1357.7  ;


welltrack  'W 5' 
     16901.9        9006.4          -0.0           0.0  
     16901.9        9006.4       -1011.0        1011.0  
     17149.4        9253.9       -1014.0        1361.0  ;


welltrack  'W 6' 
     13401.9        9006.4          -0.0           0.0  
     13401.9        9006.4       -1007.1        1007.1  
     13649.4        9253.9       -1006.2        1357.1  ;


welltrack  'W 7' 
     16901.9        5506.4          -0.0           0.0  
     16901.9        5506.4       -1006.2        1006.2  
     17149.4        5753.9       -1008.5        1356.2  ;


welltrack  'W 8' 
     13401.9        5506.4          -0.0           0.0  
     13401.9        5506.4       -1014.7        1014.7  
     13649.4        5753.9       -1011.8        1364.7  ;


welltrack  'W 9' 
      9901.9       16006.4          -0.0           0.0  
      9901.9       16006.4       -1020.0        1020.0  
     10149.4       16253.9       -1018.7        1370.0  ;


welltrack  'W 10' 
      9901.9       19506.4          -0.0           0.0  
      9901.9       19506.4       -1016.8        1016.8  
     10149.4       19753.9       -1015.3        1366.8  ;


welltrack  'W 11' 
      9901.9       23006.4          -0.0           0.0  
      9901.9       23006.4       -1017.5        1017.5  
     10149.4       23253.9       -1016.4        1367.5  ;


welltrack  'W 12' 
     13401.9       23006.4          -0.0           0.0  
     13401.9       23006.4       -1005.4        1005.4  
     13649.4       23253.9       -1006.5        1355.4  ;


welltrack  'W 13' 
     13401.9       26506.4          -0.0           0.0  
     13401.9       26506.4       -1013.4        1013.4  
     13649.4       26753.9       -1013.9        1363.4  ;


welltrack  'W 14' 
     16901.9       30006.4          -0.0           0.0  
     16901.9       30006.4       -1008.0        1008.0  
     17149.4       30253.9       -1008.7        1358.0  ;


welltrack  'W 15' 
     16901.9       26506.4          -0.0           0.0  
     16901.9       26506.4       -1017.8        1017.8  
     17149.4       26753.9       -1018.4        1367.8  ;


