Дискретное свойство (Voronogo)	all_gas_ass_h (Среднее)	V_gas (Сумма)	S (Сумма)
Накопленное	19.757749	119234393796.765594	328875000.000000
W 1	14.642097	2774147716.101194	10562500.000000
W 2	15.757448	2999605263.569475	10312500.000000
W 3	29.257097	5237928030.053272	8187500.000000
W 4	15.696468	3179363887.321908	10812500.000000
W 5	26.808819	4783566154.005149	7937500.000000
W 6	16.939721	3836751994.459751	11625000.000000
W 7	26.855997	4833096857.355913	7875000.000000
W 8	21.808107	5236335793.670592	11875000.000000
W 9	25.906506	6355872608.188843	10687500.000000
W 10	26.789238	6690867997.794495	12250000.000000
W 11	20.768258	6960564143.483676	18187500.000000
W 12	24.191801	8762848915.500166	18750000.000000
W 13	16.887549	5412945899.742311	18687500.000000
W 14	12.274519	5115816538.177169	24062500.000000
W 15	15.392439	4190395113.667787	14437500.000000
W 16	17.724790	4679270631.009377	14812500.000000
W 17	17.919247	4121796316.026371	13562500.000000
W 18	30.846843	5156925895.180180	7875000.000000
W 19	12.471620	3392007532.188024	17750000.000000
W 20	26.337659	4391664963.095716	7875000.000000
W 21	14.065602	3993507836.132390	16000000.000000
W 22	15.019614	7502706422.748439	29812500.000000
W 23	20.874857	5740521299.299030	13562500.000000
W 24	17.275121	3885885987.993590	11375000.000000
