Дискретное свойство (Voronogo)	h_kh1 (Среднее)	h_kh2 (Среднее)	h_kh3 (Среднее)	eff_kh (Среднее)
Накопленное	15.796355	4.553037	19.850456	19.039028
W 1	10.631587	4.388476	19.922817	14.258364
W 2	11.580019	4.318309	19.947537	14.975172
W 3	22.353976	4.839036	19.902730	27.594940
W 4	11.668548	4.483302	19.998132	15.249803
W 5	20.798691	4.746343	19.984415	25.912240
W 6	12.945157	4.685282	19.871133	16.570291
W 7	21.241078	4.805392	20.007394	26.397304
W 8	17.277717	4.641010	19.849237	21.077041
W 9	20.394814	4.950175	19.905731	25.650350
W 10	22.330485	4.580917	19.819583	26.282692
W 11	17.310946	4.788156	19.833825	20.596211
W 12	20.047453	4.563215	19.856752	23.270246
W 13	14.299522	4.586598	19.744159	16.605545
W 14	9.443779	4.479618	19.877119	12.212132
W 15	11.934047	4.428250	19.866161	14.992724
W 16	13.697947	4.469445	19.865213	17.017193
W 17	14.018188	4.465980	19.841881	17.010357
W 18	23.292852	4.796809	19.800539	28.437299
W 19	9.695205	4.295560	19.743366	12.021001
W 20	19.997328	4.572936	19.886227	24.930136
W 21	10.472409	4.411543	19.745475	13.580479
W 22	11.873207	4.391016	19.792499	14.202355
W 23	15.937753	4.410359	19.816209	19.727806
W 24	12.736122	4.302875	19.786213	16.187738
