welltrack  'W 1' 
     15941.2       19516.8          -0.0           0.0  
     15941.2       19516.8       -1020.7        1020.7  
     16188.7       19764.2       -1022.4        1370.7  ;


welltrack  'W 2' 
     15941.2       22316.8          -0.0           0.0  
     15941.2       22316.8       -1019.3        1019.3  
     16188.7       22564.2       -1020.7        1369.3  ;


welltrack  'W 3' 
     13041.2       19516.8          -0.0           0.0  
     13041.2       19516.8       -1006.6        1006.6  
     13288.7       19764.2       -1006.6        1356.6  ;


welltrack  'W 4' 
     15941.2       16716.8          -0.0           0.0  
     15941.2       16716.8       -1020.0        1020.0  
     16188.7       16964.2       -1021.7        1370.0  ;


welltrack  'W 5' 
     13041.2       16716.8          -0.0           0.0  
     13041.2       16716.8       -1009.5        1009.5  
     13288.7       16964.2       -1009.3        1359.5  ;


welltrack  'W 6' 
     15941.2       13916.8          -0.0           0.0  
     15941.2       13916.8       -1016.8        1016.8  
     16188.7       14164.2       -1018.7        1366.8  ;


welltrack  'W 7' 
     13041.2       13916.8          -0.0           0.0  
     13041.2       13916.8       -1009.3        1009.3  
     13288.7       14164.2       -1009.2        1359.3  ;


welltrack  'W 8' 
     15941.2       11116.8          -0.0           0.0  
     15941.2       11116.8       -1010.8        1010.8  
     16188.7       11364.2       -1012.6        1360.8  ;


welltrack  'W 9' 
     13041.2       11116.8          -0.0           0.0  
     13041.2       11116.8       -1007.6        1007.6  
     13288.7       11364.2       -1007.1        1357.6  ;


welltrack  'W 10' 
     15941.2        8316.8          -0.0           0.0  
     15941.2        8316.8       -1003.2        1003.2  
     16188.7        8564.2       -1005.0        1353.2  ;


welltrack  'W 11' 
     13041.2        8316.8          -0.0           0.0  
     13041.2        8316.8       -1009.4        1009.4  
     13288.7        8564.2       -1007.9        1359.4  ;


welltrack  'W 12' 
     15941.2        5516.8          -0.0           0.0  
     15941.2        5516.8        -999.9         999.9  
     16188.7        5764.2       -1000.1        1349.9  ;


welltrack  'W 13' 
     13041.2        5516.8          -0.0           0.0  
     13041.2        5516.8       -1017.3        1017.3  
     13288.7        5764.2       -1014.3        1367.3  ;


welltrack  'W 14' 
     10141.2       13916.8          -0.0           0.0  
     10141.2       13916.8       -1020.9        1020.9  
     10388.7       14164.2       -1019.5        1370.9  ;


welltrack  'W 15' 
     10141.2       16716.8          -0.0           0.0  
     10141.2       16716.8       -1018.3        1018.3  
     10388.7       16964.2       -1017.0        1368.3  ;


welltrack  'W 16' 
     10141.2       19516.8          -0.0           0.0  
     10141.2       19516.8       -1015.6        1015.6  
     10388.7       19764.2       -1014.1        1365.6  ;


welltrack  'W 17' 
     10141.2       22316.8          -0.0           0.0  
     10141.2       22316.8       -1015.2        1015.2  
     10388.7       22564.2       -1013.9        1365.2  ;


welltrack  'W 18' 
     13041.2       22316.8          -0.0           0.0  
     13041.2       22316.8       -1004.1        1004.1  
     13288.7       22564.2       -1004.7        1354.1  ;


welltrack  'W 19' 
     10141.2       25116.8          -0.0           0.0  
     10141.2       25116.8       -1021.2        1021.2  
     10388.7       25364.2       -1020.7        1371.2  ;


welltrack  'W 20' 
     13041.2       25116.8          -0.0           0.0  
     13041.2       25116.8       -1009.3        1009.3  
     13288.7       25364.2       -1010.0        1359.3  ;


welltrack  'W 21' 
     13041.2       27916.8          -0.0           0.0  
     13041.2       27916.8       -1019.1        1019.1  
     13288.7       28164.2       -1019.3        1369.1  ;


welltrack  'W 22' 
     15941.2       30716.8          -0.0           0.0  
     15941.2       30716.8       -1013.0        1013.0  
     16188.7       30964.2       -1012.8        1363.0  ;


welltrack  'W 23' 
     15941.2       27916.8          -0.0           0.0  
     15941.2       27916.8       -1011.8        1011.8  
     16188.7       28164.2       -1011.0        1361.8  ;


welltrack  'W 24' 
     15941.2       25116.8          -0.0           0.0  
     15941.2       25116.8       -1016.6        1016.6  
     16188.7       25364.2       -1017.4        1366.6  ;


