Дискретное свойство (Voronogo)	h_kh1 (Среднее)	h_kh2 (Среднее)	h_kh3 (Среднее)	eff_kh (Среднее)
Накопленное	15.796355	4.553037	19.850456	19.039028
W 1	13.133786	4.336820	19.971301	16.657817
W 2	13.566957	4.411428	19.858269	17.208160
W 3	18.179493	4.669394	19.840450	21.877942
W 4	12.725897	4.473803	19.988944	16.440034
W 5	16.292707	4.535252	19.919023	19.903244
W 6	14.436103	4.678491	19.902672	18.213370
W 7	15.158664	4.652436	19.930072	18.716858
W 8	18.713468	4.657307	19.855156	22.648450
W 9	16.139385	4.752113	19.892577	19.417180
W 10	23.903651	4.590848	19.829539	28.054019
W 11	14.521944	4.674524	19.808180	16.999073
W 12	16.784725	4.601769	19.801463	19.698040
W 13	14.753845	4.495970	19.748002	17.565548
W 14	11.313607	4.386195	19.796100	13.461385
W 15	14.704209	4.363335	19.795220	18.680268
