welltrack  'W 1' 
     13251.0       17419.6          -0.0           0.0  
     13251.0       17419.6       -1011.1        1011.1  
     13498.5       17667.1       -1011.4        1361.1  ;


welltrack  'W 2' 
     13251.0       20219.6          -0.0           0.0  
     13251.0       20219.6       -1010.2        1010.2  
     13498.5       20467.1       -1009.9        1360.2  ;


welltrack  'W 3' 
     10351.0       17419.6          -0.0           0.0  
     10351.0       17419.6       -1015.4        1015.4  
     10598.5       17667.1       -1014.8        1365.4  ;


welltrack  'W 4' 
     13251.0       14619.6          -0.0           0.0  
     13251.0       14619.6       -1009.9        1009.9  
     13498.5       14867.1       -1010.5        1359.9  ;


welltrack  'W 5' 
     10351.0       14619.6          -0.0           0.0  
     10351.0       14619.6       -1014.0        1014.0  
     10598.5       14867.1       -1013.4        1364.0  ;


welltrack  'W 6' 
     13251.0       11819.6          -0.0           0.0  
     13251.0       11819.6       -1005.2        1005.2  
     13498.5       12067.1       -1005.8        1355.2  ;


welltrack  'W 7' 
     16151.0       11819.6          -0.0           0.0  
     16151.0       11819.6       -1017.1        1017.1  
     16398.5       12067.1       -1019.2        1367.1  ;


welltrack  'W 8' 
     10351.0       11819.6          -0.0           0.0  
     10351.0       11819.6       -1012.5        1012.5  
     10598.5       12067.1       -1011.8        1362.5  ;


welltrack  'W 9' 
     13251.0        9019.6          -0.0           0.0  
     13251.0        9019.6       -1004.6        1004.6  
     13498.5        9267.1       -1004.5        1354.6  ;


welltrack  'W 10' 
     16151.0        9019.6          -0.0           0.0  
     16151.0        9019.6       -1013.1        1013.1  
     16398.5        9267.1       -1015.0        1363.1  ;


welltrack  'W 11' 
     10351.0        9019.6          -0.0           0.0  
     10351.0        9019.6       -1014.1        1014.1  
     10598.5        9267.1       -1013.1        1364.1  ;


welltrack  'W 12' 
     13251.0        6219.6          -0.0           0.0  
     13251.0        6219.6       -1011.8        1011.8  
     13498.5        6467.1       -1010.1        1361.8  ;


welltrack  'W 13' 
     16151.0        6219.6          -0.0           0.0  
     16151.0        6219.6       -1016.5        1016.5  
     16398.5        6467.1       -1017.2        1366.5  ;


welltrack  'W 14' 
      7451.0        6219.6          -0.0           0.0  
      7451.0        6219.6       -1013.2        1013.2  
      7698.5        6467.1       -1014.2        1363.2  ;


welltrack  'W 15' 
      4551.0        6219.6          -0.0           0.0  
      4551.0        6219.6       -1002.9        1002.9  
      4798.5        6467.1       -1003.5        1352.9  ;


welltrack  'W 16' 
     10351.0       28619.6          -0.0           0.0  
     10351.0       28619.6       -1017.5        1017.5  
     10598.5       28867.1       -1017.1        1367.5  ;


welltrack  'W 17' 
     10351.0       25819.6          -0.0           0.0  
     10351.0       25819.6       -1010.1        1010.1  
     10598.5       26067.1       -1008.5        1360.1  ;


welltrack  'W 18' 
     10351.0       23019.6          -0.0           0.0  
     10351.0       23019.6       -1012.4        1012.4  
     10598.5       23267.1       -1010.7        1362.4  ;


welltrack  'W 19' 
     10351.0       20219.6          -0.0           0.0  
     10351.0       20219.6       -1015.6        1015.6  
     10598.5       20467.1       -1014.6        1365.6  ;


welltrack  'W 20' 
      7451.0        9019.6          -0.0           0.0  
      7451.0        9019.6       -1016.5        1016.5  
      7698.5        9267.1       -1017.0        1366.5  ;


welltrack  'W 21' 
     13251.0       23019.6          -0.0           0.0  
     13251.0       23019.6       -1001.6        1001.6  
     13498.5       23267.1       -1000.5        1351.6  ;


welltrack  'W 22' 
     16151.0       23019.6          -0.0           0.0  
     16151.0       23019.6       -1007.5        1007.5  
     16398.5       23267.1       -1008.5        1357.5  ;


welltrack  'W 23' 
     13251.0       25819.6          -0.0           0.0  
     13251.0       25819.6        -995.6         995.6  
     13498.5       26067.1        -996.0        1345.6  ;


welltrack  'W 24' 
     16151.0       25819.6          -0.0           0.0  
     16151.0       25819.6       -1007.4        1007.4  
     16398.5       26067.1       -1010.3        1357.4  ;


welltrack  'W 25' 
     13251.0       28619.6          -0.0           0.0  
     13251.0       28619.6       -1006.4        1006.4  
     13498.5       28867.1       -1008.9        1356.4  ;


welltrack  'W 26' 
     16151.0       20219.6          -0.0           0.0  
     16151.0       20219.6       -1016.9        1016.9  
     16398.5       20467.1       -1017.6        1366.9  ;


